Year	Month	MeanMaxTemp
1902	1	26.2
1902	2	27.6
1902	3	29.7
1902	4	25
1902	5	20
1902	6	16.7
1902	7	15.7
1902	8	18.9
1902	9	18.7
1902	10	19.2
1902	11	24.2
1902	12	24.7
1903	1	30.9
1903	2	30.6
1903	3	25.2
1903	4	20.6
1903	5	20.2
1903	6	17.3
1903	7	15.7
1903	8	17.4
1903	9	17
1903	10	19.3
1903	11	23.4
1903	12	26.8
1904	1	29.8
1904	2	29.1
1904	3	27.6
1904	4	23.6
1904	5	18
1904	6	16.6
1904	7	15.8
1904	8	17.4
1904	9	18.5
1904	10	19
1904	11	24.9
1904	12	28.1
1905	1	27.4
1905	2	29.4
1905	3	27.3
1905	4	24.3
1905	5	18.7
1905	6	17.1
1905	7	16.3
1905	8	16.2
1905	9	17.9
1905	10	21.3
1905	11	23.1
1905	12	29
1906	1	29.4
1906	2	27.4
1906	3	27.3
1906	4	25.1
1906	5	20.2
1906	6	16.9
1906	7	15.5
1906	8	16.9
1906	9	16.3
1906	10	20.8
1906	11	24.1
1906	12	29.5
1907	1	29.8
1907	2	29.6
1907	3	27.3
1907	4	24.4
1907	5	20
1907	6	17.1
1907	7	16.4
1907	8	16.7
1907	9	16.9
1907	10	19.2
1907	11	22.9
1907	12	25.5
1908	1	27.9
1908	2	27.7
1908	3	24.8
1908	4	23.1
1908	5	18.7
1908	6	15
1908	7	16.3
1908	8	16.3
1908	9	17.7
1908	10	21
1908	11	23.8
1908	12	28.3
1909	1	29.3
1909	2	29.5
1909	3	26.4
1909	4	21.6
1909	5	18.6
1909	6	17.1
1909	7	16.1
1909	8	16.2
1909	9	19.1
1909	10	19.9
1909	11	23.7
1909	12	31.6
1910	1	29.9
1910	2	31.7
1910	3	29.5
1910	4	26.1
1910	5	18.6
1910	6	16
1910	7	14.9
1910	8	16.8
1910	9	19.5
1910	10	20.5
1910	11	24.5
1910	12	27.3
1911	1	31.5
1911	2	31.3
1911	3	26.6
1911	4	24.4
1911	5	18.9
1911	6	16.9
1911	7	15.7
1911	8	16.8
1911	9	18.4
1911	10	22.5
1911	11	25
1911	12	26.2
1912	1	30.6
1912	2	30.2
1912	3	28.2
1912	4	25.1
1912	5	19.4
1912	6	17
1912	7	15.6
1912	8	17.5
1912	9	16.8
1912	10	21
1912	11	24.6
1912	12	29
1913	1	29.8
1913	2	30.8
1913	3	27.7
1913	4	22.3
1913	5	20.8
1913	6	17.8
1913	7	16.4
1913	8	16.1
1913	9	19.6
1913	10	19.7
1913	11	24.6
1913	12	25.2
1914	1	31.6
1914	2	28.1
1914	3	26.3
1914	4	21.4
1914	5	19
1914	6	17.3
1914	7	16.7
1914	8	19.2
1914	9	21.4
1914	10	23.9
1914	11	24.5
1914	12	28.7
1915	1	31.8
1915	2	30.1
1915	3	26.3
1915	4	25.2
1915	5	20.1
1915	6	17.2
1915	7	16.7
1915	8	16.8
1915	9	16.2
1915	10	20.4
1915	11	25.7
1915	12	31
1916	1	27.9
1916	2	28.9
1916	3	27.6
1916	4	24.3
1916	5	19.6
1916	6	16.5
1916	7	15.6
1916	8	16.2
1916	9	20.8
1916	10	20.5
1916	11	25.2
1916	12	28.2
1917	1	29.3
1917	2	28.9
1917	3	24.4
1917	4	22.6
1917	5	18.2
1917	6	16.4
1917	7	16
1917	8	16.2
1917	9	16.7
1917	10	19.9
1917	11	24.8
1917	12	25.8
1918	1	31.1
1918	2	27.7
1918	3	25.7
1918	4	24.2
1918	5	19.5
1918	6	17.6
1918	7	17.9
1918	8	16.8
1918	9	20.2
1918	10	20.2
1918	11	25.4
1918	12	27.7
1919	1	28.7
1919	2	29.8
1919	3	28.8
1919	4	24
1919	5	20
1919	6	17.1
1919	7	16.9
1919	8	16.8
1919	9	17.8
1919	10	18.7
1919	11	23.8
1919	12	26.4
1920	1	31.4
1920	2	29.9
1920	3	28.2
1920	4	26
1920	5	19.4
1920	6	16.6
1920	7	15.1
1920	8	14.8
1920	9	19.3
1920	10	21.2
1920	11	27
1920	12	27.5
1921	1	30.9
1921	2	33.3
1921	3	30
1921	4	24.1
1921	5	20.1
1921	6	18.6
1921	7	17.2
1921	8	18.1
1921	9	17.8
1921	10	20.2
1921	11	21.8
1921	12	28.2
1922	1	28.5
1922	2	29.8
1922	3	27.6
1922	4	24.5
1922	5	19.7
1922	6	17.2
1922	7	15.1
1922	8	17.2
1922	9	18.1
1922	10	20.4
1922	11	24.1
1922	12	24.1
1923	1	28
1923	2	30.4
1923	3	27.7
1923	4	25.2
1923	5	19.2
1923	6	16.2
1923	7	16.8
1923	8	16.8
1923	9	16.9
1923	10	20.4
1923	11	25.7
1923	12	28
1924	1	28.8
1924	2	29.5
1924	3	26.9
1924	4	26.1
1924	5	20
1924	6	17.7
1924	7	17.3
1924	8	16.3
1924	9	19.1
1924	10	18.5
1924	11	23.3
1924	12	28.4
1925	1	28.6
1925	2	27.9
1925	3	26.8
1925	4	24.1
1925	5	19.3
1925	6	17.7
1925	7	15.7
1925	8	17.3
1925	9	20.1
1925	10	18.8
1925	11	27.2
1925	12	27.2
1926	1	32.1
1926	2	27.6
1926	3	26.7
1926	4	21.9
1926	5	19.4
1926	6	17
1926	7	15.3
1926	8	15.8
1926	9	19
1926	10	19.4
1926	11	24.6
1926	12	27.2
1927	1	27.5
1927	2	28.5
1927	3	22.8
1927	4	25.3
1927	5	19.1
1927	6	16
1927	7	15.8
1927	8	17.1
1927	9	19.3
1927	10	21.2
1927	11	25.6
1927	12	29.9
1928	1	29.4
1928	2	29
1928	3	27.1
1928	4	23.7
1928	5	20.2
1928	6	16.9
1928	7	16
1928	8	17.3
1928	9	17.4
1928	10	18.8
1928	11	25
1928	12	28.2
1929	1	29.6
1929	2	30.1
1929	3	26.7
1929	4	21.9
1929	5	18.5
1929	6	16.4
1929	7	15.4
1929	8	16.6
1929	9	19
1929	10	21.7
1929	11	23.4
1929	12	28.1
1930	1	31.5
1930	2	30.7
1930	3	29.7
1930	4	25.1
1930	5	20.8
1930	6	18.2
1930	7	15.7
1930	8	16.7
1930	9	18.4
1930	10	21.1
1930	11	24.4
1930	12	26.3
1931	1	31
1931	2	28.1
1931	3	28.3
1931	4	23.4
1931	5	18
1931	6	14.7
1931	7	15.8
1931	8	16.5
1931	9	16.3
1931	10	22.3
1931	11	25.9
1931	12	32.6
1932	1	31.6
1932	2	31.6
1932	3	26.6
1932	4	23.3
1932	5	20.3
1932	6	17.3
1932	7	16.1
1932	8	15.9
1932	9	19.8
1932	10	21.9
1932	11	24.9
1932	12	29.5
1933	1	31.5
1933	2	33.9
1933	3	28.1
1933	4	25.6
1933	5	20.1
1933	6	17.7
1933	7	16
1933	8	17
1933	9	19.8
1933	10	20.4
1933	11	26.4
1933	12	29.1
1934	1	31.7
1934	2	31.5
1934	3	28.4
1934	4	24.1
1934	5	21.5
1934	6	17.1
1934	7	16.6
1934	8	18.1
1934	9	18.4
1934	10	20.4
1934	11	24.1
1934	12	27.7
1935	1	31.1
1935	2	30.1
1935	3	27.4
1935	4	24.6
1935	5	20.5
1935	6	16.7
1935	7	15.5
1935	8	17.6
1935	9	17.4
1935	10	20.4
1935	11	24.1
1935	12	28.7
1936	1	28.7
1936	2	29.6
1936	3	29.9
1936	4	24.7
1936	5	19
1936	6	16.8
1936	7	16.5
1936	8	17.1
1936	9	19.6
1936	10	19.7
1936	11	25.5
1936	12	27.5
1937	1	29.4
1937	2	29.7
1937	3	27
1937	4	26.4
1937	5	18.9
1937	6	17.3
1937	7	16.9
1937	8	17
1937	9	19.1
1937	10	21.3
1937	11	25.8
1937	12	27.1
1938	1	30.5
1938	2	29.7
1938	3	26.3
1938	4	23.3
1938	5	19.6
1938	6	16.8
1938	7	16.2
1938	8	17.1
1938	9	20.6
1938	10	21.2
1938	11	25.1
1938	12	27.8
1939	1	27.9
1939	2	30.4
1939	3	27.9
1939	4	24.9
1939	5	20
1939	6	17.1
1939	7	16.1
1939	8	16.2
1939	9	20
1939	10	21.7
1939	11	23.8
1939	12	29.8
1940	1	29.3
1940	2	32.5
1940	3	27.7
1940	4	24.6
1940	5	19.9
1940	6	18.4
1940	7	16.6
1940	8	18.9
1940	9	19.9
1940	10	20.9
1940	11	27.3
1940	12	27.6
1941	1	31.6
1941	2	31.2
1941	3	26.9
1941	4	23.4
1941	5	21.3
1941	6	17.7
1941	7	16.6
1941	8	17.8
1941	9	17.6
1941	10	21.5
1941	11	23.8
1941	12	29.3
1942	1	30.3
1942	2	30.3
1942	3	25.5
1942	4	24
1942	5	19.6
1942	6	16.5
1942	7	16.3
1942	8	16.4
1942	9	17.3
1942	10	19.3
1942	11	26.7
1942	12	29.4
1943	1	28.7
1943	2	29.6
1943	3	26.7
1943	4	21.8
1943	5	20.2
1943	6	17.6
1943	7	15.3
1943	8	17.3
1943	9	18.5
1943	10	21.3
1943	11	27.5
1943	12	28.4
1944	1	31.9
1944	2	31.8
1944	3	27.7
1944	4	24
1944	5	18.8
1944	6	19
1944	7	16.7
1944	8	18.5
1944	9	19.2
1944	10	23.2
1944	11	26.1
1944	12	24.7
1945	1	30
1945	2	30.6
1945	3	28.3
1945	4	25.3
1945	5	20
1945	6	16.7
1945	7	16.5
1945	8	16.2
1945	9	17.7
1945	10	22.1
1945	11	25.1
1945	12	28
1946	1	28
1946	2	28.9
1946	3	26.6
1946	4	25.8
1946	5	19.9
1946	6	17.1
1946	7	15.4
1946	8	16.5
1946	9	20.4
1946	10	23.7
1946	11	23.8
1946	12	27.6
1947	1	29.2
1947	2	30.8
1947	3	29.3
1947	4	23.4
1947	5	18.9
1947	6	17.6
1947	7	17.1
1947	8	17.3
1947	9	18.8
1947	10	20.8
1947	11	24.7
1947	12	26.7
1948	1	31.1
1948	2	31.9
1948	3	31.2
1948	4	23.5
1948	5	22.1
1948	6	18.6
1948	7	16.7
1948	8	17.9
1948	9	18.3
1948	10	21.1
1948	11	24.6
1948	12	25.7
1949	1	31.4
1949	2	31.7
1949	3	28.4
1949	4	26
1949	5	21.4
1949	6	19.5
1949	7	17.4
1949	8	18.6
1949	9	20.2
1949	10	20
1949	11	25.4
1949	12	30.1
1950	1	32.4
1950	2	31.3
1950	3	30.9
1950	4	26.6
1950	5	20.3
1950	6	18.9
1950	7	17.4
1950	8	18.1
1950	9	18.6
1950	10	20.5
1950	11	22.4
1950	12	26.6
1951	1	28.2
1951	2	28.6
1951	3	28.8
1951	4	22.6
1951	5	18.9
1951	6	16.9
1951	7	16.2
1951	8	16.4
1951	9	20.2
1951	10	21.3
1951	11	24
1951	12	26.6
1952	1	31.2
1952	2	30.9
1952	3	28.4
1952	4	24.8
1952	5	19.5
1952	6	18.1
1952	7	16.4
1952	8	18
1952	9	18.8
1952	10	20.7
1952	11	23.3
1952	12	25.3
1953	1	30.7
1953	2	30.4
1953	3	28.7
1953	4	24.7
1953	5	20.5
1953	6	16.7
1953	7	16.2
1953	8	17.5
1953	9	20.1
1953	10	19.9
1953	11	23.4
1953	12	27.3
1954	1	30.6
1954	2	31.6
1954	3	27.7
1954	4	23
1954	5	20
1954	6	18
1954	7	17.2
1954	8	17.9
1954	9	20.9
1954	10	23.3
1954	11	22
1954	12	28.2
1955	1	31.8
1955	2	30
1955	3	28.5
1955	4	22.5
1955	5	19.1
1955	6	17
1955	7	17.3
1955	8	16.2
1955	9	18.2
1955	10	19.3
1955	11	24
1955	12	27.7
1956	1	33.3
1956	2	31.7
1956	3	28.7
1956	4	23.6
1956	5	18.5
1956	6	16.4
1956	7	16.8
1956	8	17.2
1956	9	20.2
1956	10	20.2
1956	11	25.2
1956	12	27
1957	1	31.8
1957	2	30.9
1957	3	28.2
1957	4	23.9
1957	5	21.3
1957	6	18
1957	7	16.8
1957	8	18.2
1957	9	18.8
1957	10	23
1957	11	27.1
1957	12	29.6
1958	1	32.3
1958	2	31.4
1958	3	29.1
1958	4	23.9
1958	5	20.3
1958	6	18.5
1958	7	15.5
1958	8	17.7
1958	9	18.6
1958	10	20.9
1958	11	25.7
1958	12	30.8
1959	1	30.4
1959	2	30.8
1959	3	29.1
1959	4	23.4
1959	5	20.4
1959	6	18.8
1959	7	18.3
1959	8	19.6
1959	9	20.2
1959	10	21.5
1959	11	24.3
1959	12	26.2
1960	1	27
1960	2	29.7
1960	3	25.4
1960	4	21.1
1960	5	18.7
1960	6	17.3
1960	7	15.4
1960	8	16.8
1960	9	18.9
1960	10	22.3
1960	11	25.3
1960	12	29.5
1961	1	33.1
1961	2	31.4
1961	3	28.7
1961	4	21.6
1961	5	21.2
1961	6	18.1
1961	7	16.8
1961	8	17.1
1961	9	20.3
1961	10	22.4
1961	11	25.9
1961	12	28.3
1962	1	33.6
1962	2	30.6
1962	3	26.9
1962	4	25.6
1962	5	21.8
1962	6	18.8
1962	7	17.7
1962	8	18.2
1962	9	18.7
1962	10	19.5
1962	11	24.1
1962	12	29.4
1963	1	29.9
1963	2	29.9
1963	3	29.2
1963	4	24.7
1963	5	19.7
1963	6	17.4
1963	7	16.3
1963	8	17.2
1963	9	19
1963	10	22.8
1963	11	26
1963	12	28.9
1964	1	30.2
1964	2	29.6
1964	3	28.6
1964	4	22
1964	5	20.3
1964	6	18
1964	7	16.5
1964	8	17.3
1964	9	17.9
1964	10	18.6
1964	11	23.5
1964	12	27
1965	1	31.2
1965	2	30.3
1965	3	27.9
1965	4	23.4
1965	5	19.2
1965	6	17.3
1965	7	16.9
1965	8	17.2
1965	9	18.3
1965	10	21.5
1965	11	22.5
1965	12	28.9
1966	1	30.7
1966	2	29.6
1966	3	27.7
1966	4	23.2
1966	5	19.8
1966	6	16.7
1966	7	16.5
1966	8	17.7
1966	9	18
1966	10	21.2
1966	11	25.7
1966	12	29.2
1967	1	31.9
1967	2	32.8
1967	3	27.7
1967	4	23.9
1967	5	19.9
1967	6	18.3
1967	7	16.4
1967	8	16.4
1967	9	20.2
1967	10	22.8
1967	11	25.4
1967	12	29.4
1968	1	30.3
1968	2	29.6
1968	3	25
1968	4	20.2
1968	5	18.3
1968	6	16
1968	7	16.2
1968	8	15.3
1968	9	17.7
1968	10	19.3
1968	11	22.5
1968	12	27.8
1969	1	28.9
1969	2	31.4
1969	3	27.4
1969	4	23.1
1969	5	19.9
1969	6	17.9
1969	7	16.2
1969	8	17.4
1969	9	18.8
1969	10	25
1969	11	26.7
1969	12	29.2
1970	1	30.8
1970	2	31.8
1970	3	28.9
1970	4	22.5
1970	5	19.8
1970	6	16.9
1970	7	17.2
1970	8	17.3
1970	9	18.1
1970	10	21
1970	11	24.5
1970	12	30.6
1971	1	29.5
1971	2	29.3
1971	3	28.3
1971	4	23.1
1971	5	19.8
1971	6	18.1
1971	7	17.4
1971	8	16.5
1971	9	17.1
1971	10	19
1971	11	21.3
1971	12	27.3
1972	1	31.8
1972	2	33.6
1972	3	29.2
1972	4	24.8
1972	5	22.4
1972	6	18.3
1972	7	16.7
1972	8	16.5
1972	9	19.6
1972	10	22.8
1972	11	27.1
1972	12	31.6
1973	1	30.8
1973	2	30.4
1973	3	28.7
1973	4	23.3
1973	5	19.5
1973	6	15.5
1973	7	16.5
1973	8	16.5
1973	9	18.1
1973	10	21.5
1973	11	24.7
1973	12	29.2
1974	1	33.1
1974	2	30
1974	3	28.8
1974	4	22.6
1974	5	19
1974	6	18
1974	7	15.9
1974	8	17.6
1974	9	20.3
1974	10	19.6
1974	11	23.3
1974	12	28.8
1975	1	30
1975	2	33.4
1975	3	26.9
1975	4	22.4
1975	5	20.4
1975	6	18.1
1975	7	16.3
1975	8	17.5
1975	9	18.7
1975	10	21.5
1975	11	25
1975	12	31.4
1976	1	30.1
1976	2	32.5
1976	3	30.6
1976	4	26.5
1976	5	20.9
1976	6	18.7
1976	7	18.1
1976	8	17.7
1976	9	19.6
1976	10	23
1976	11	23.3
1976	12	27.9
1977	1	31
1977	2	32.7
1977	3	27.4
1977	4	26.1
1977	5	19.4
1977	6	18.1
1977	7	18.1
1977	8	17.3
1977	9	18.6
1977	10	21.2
1977	11	24.7
1977	12	31.5
1978	1	33.7
1978	2	31.6
1978	3	31.2
1978	4	27
1978	5	19.9
1978	6	17
1978	7	15.9
1978	8	18.5
1978	9	18.1
1978	10	22.2
1978	11	26.9
1978	12	29.1
1979	1	30.5
1979	2	30.3
1979	3	28.4
1979	4	23.2
1979	5	19.7
1979	6	17.4
1979	7	16.8
1979	8	16.8
1979	9	18.4
1979	10	21.5
1979	11	23.8
1979	12	28.7
1980	1	32.6
1980	2	29.7
1980	3	29.4
1980	4	21.3
1980	5	20.5
1980	6	17
1980	7	16.5
1980	8	17.5
1980	9	18.5
1980	10	19.4
1980	11	24.1
1980	12	27
1981	1	31.5
1981	2	28.4
1981	3	29.1
1981	4	24.3
1981	5	20.2
1981	6	15.6
1981	7	16.7
1981	8	16.1
1981	9	19.3
1981	10	22
1981	11	22.4
1981	12	26.8
1982	1	28
1982	2	30.3
1982	3	26.5
1982	4	24
1982	5	20.1
1982	6	17
1982	7	16.8
1982	8	18.4
1982	9	19.7
1982	10	22.6
1982	11	26.9
1982	12	28.4
1983	1	32.5
1983	2	28.1
1983	3	30.1
1983	4	24.9
1983	5	21
1983	6	18.5
1983	7	17.1
1983	8	18.2
1983	9	19.6
1983	10	23.4
1983	11	24.6
1983	12	29
1984	1	32.2
1984	2	31
1984	3	27
1984	4	25.7
1984	5	19.2
1984	6	18.3
1984	7	16.5
1984	8	16.5
1984	9	18.7
1984	10	21.5
1984	11	24.2
1984	12	25.6
1985	1	29.9
1985	2	34.3
1985	3	29.9
1985	4	23.3
1985	5	20.3
1985	6	18.8
1985	7	17.4
1985	8	17.3
1985	9	20.5
1985	10	21.4
1985	11	25.7
1985	12	25.9
1986	1	32.3
1986	2	27.6
1986	3	26.3
1986	4	23.8
1986	5	20.1
1986	6	17.7
1986	7	15.5
1987	10	21.7
1988	1	29.3
1988	2	33.1
1988	3	29.6
1988	4	25.6
1988	5	20.4
1988	6	17.6
1988	7	16.5
1988	8	17.5
1988	9	19
1988	10	20.4
1988	11	24
1988	12	28.4
1990	1	27.8
1990	2	30.4
1990	3	28
1990	4	22.4
1990	5	19.6
1990	6	16.7
1990	7	15.7
1990	8	16.4
1990	9	19.8
1990	10	20.2
1990	11	24.2
1990	12	27.1
1991	1	31.3
1991	2	30.4
1991	3	28.1
1991	4	25.3
1991	5	20.3
1991	6	17.6
1991	7	16.8
1991	8	17.6
1991	9	18.6
1991	10	22.6
1991	11	23
1991	12	29.5
1992	1	32.2
1992	2	29.6
1992	3	27.2
1992	4	24.2
1992	5	19.2
1992	6	17.6
1992	7	17.3
1992	8	15.7
1992	9	17.2
1992	10	22
1992	11	23.1
1992	12	27.8
1993	1	31
1993	2	29.7
1993	3	29.3
1993	4	22.6
1993	5	19.7
1993	6	16.9
1993	7	16.1
1993	8	16.7
1993	9	18.9
1993	10	19.3
1993	11	25.8
1993	12	29
1994	1	30.7
1994	2	28.7
1994	3	30
1994	4	26.4
1994	5	20.9
1994	6	17.7
1994	7	17.1
1994	8	18.4
1994	9	19.8
1994	10	21.8
1994	11	26.9
1994	12	30.1
1995	1	31.7
1995	2	31.6
1995	3	30
1995	4	24.4
1995	5	19.7
1995	6	16.9
1995	7	16.4
1995	8	17.8
1995	9	19
1995	10	21.7
1995	11	23.8
1995	12	26.8
1996	1	29.8
1996	2	33.4
1996	3	27.1
1996	4	25
1996	5	21.8
1996	6	17.7
1996	7	16.5
1996	8	16.7
1996	9	17.8
1996	10	21.7
1996	11	25.5
1996	12	26.6
1997	1	31.8
1997	2	30.7
1997	3	26.3
1997	4	25.1
1997	5	19.5
1997	6	18.5
1997	7	17.1
1997	8	17
1997	9	19
1997	10	21.9
1997	11	24.2
1997	12	30.3
1998	1	31.5
1998	2	31.8
1998	3	28.6
1998	4	23
1998	5	21.9
1998	6	17
1998	7	15.6
1998	8	17.9
1998	9	17.6
1998	10	21.3
1998	11	25.2
1998	12	28.9
1999	1	30.4
1999	2	32.4
1999	3	27.5
1999	4	27.5
1999	5	20.4
1999	6	17.8
1999	7	17.7
1999	8	17.8
1999	9	18.8
1999	10	20.8
1999	11	27.2
1999	12	30
2000	1	29.6
2000	2	30
2000	3	27.1
2000	4	24.4
2000	5	20.5
2000	6	18.4
2000	7	16.6
2000	8	16.4
2000	9	19.1
2000	10	22.4
2000	11	25.8
2000	12	30.4
2001	1	31.5
2001	2	29.8
2001	3	27.2
2001	4	24.9
2001	5	20.2
2001	6	18.5
2001	7	17.2
2001	8	16.8
2001	9	18.2
2001	10	20.7
2001	11	25.9
2001	12	25.6
2002	1	30.5
2002	2	29.5
2002	3	28.4
2002	4	23.7
2002	5	21.3
2002	6	17.9
2002	7	16.9
2002	8	17.4
2002	9	18.4
2002	10	20.5
2002	11	25.9
2002	12	29.3
2003	1	31
2003	2	30.1
2003	3	29.4
2003	4	24.3
2003	5	22.4
2003	6	17.8
2003	7	16.7
2003	8	17.1
2003	9	18.5
2003	10	21
2003	11	26.7
2003	12	28.7
2004	1	31
2004	2	31.9
2004	3	28.5
2004	4	25.4
2004	5	20.3
2004	6	18.3
2004	7	16.8
2004	8	16.3
2004	9	19.2
2004	10	21.7
2004	11	24.4
2004	12	30.2
2005	1	30.8
2005	2	29.7
2005	3	30.2
2005	4	22.8
2005	5	22.1
2005	6	16.6
2005	7	17.2
2005	8	17.3
2005	9	17.8
2005	10	19.3
2005	11	23.8
2005	12	23.5
2006	1	28.2
2006	2	31.1
2006	3	29
2006	4	22.3
2006	5	20.9
2006	6	18.8
2006	7	18
2006	8	19.3
2006	9	19.7
2006	10	23
2006	11	27.1
2006	12	30.4
2007	1	29.7
2007	2	30.1
2007	3	29
2007	4	24
2007	5	19.2
2007	6	18.8
2007	7	17.8
2007	8	18
2007	9	18.8
2007	10	21.5
2007	11	27.9
2007	12	26.6
2008	1	31.7
2008	2	31.3
2008	3	28.4
2008	4	23.7
2008	5	20.9
2008	6	18.5
2008	7	16.6
2008	8	18.5
2008	9	19.3
2008	10	22.9
2008	11	22.7
2008	12	27.8
2009	1	32.2
2009	2	30.5
2009	3	27.7
2009	4	26.9
2009	5	23